name: keras_env
channels:
  - conda-forge
  - defaults
dependencies:
  - _tflow_select=2.3.0=mkl
  - absl-py=0.7.0=py36_1000
  - asn1crypto=0.24.0=py36_1003
  - astor=0.7.1=py_0
  - backports=1.0=py_2
  - backports.weakref=1.0.post1=py36_1000
  - binutils_impl_linux-64=2.31.1=h6176602_1
  - binutils_linux-64=2.31.1=h6176602_3
  - blas=1.0=mkl
  - bleach=1.5.0=py36_0
  - c-ares=1.15.0=h14c3975_1001
  - ca-certificates=2018.11.29=ha4d7672_0
  - certifi=2018.11.29=py36_1000
  - cffi=1.12.2=py36h9745a5d_0
  - chardet=3.0.4=py36_1003
  - conda=4.6.7=py36_0
  - conda-env=2.6.0=1
  - cryptography=2.5=py36h9d9f1b6_1
  - gast=0.2.2=py_0
  - gcc_impl_linux-64=7.3.0=habb00fd_1
  - gcc_linux-64=7.3.0=h553295d_3
  - grpcio=1.16.1=py36hf8bcb03_1
  - gxx_impl_linux-64=7.3.0=hdf63c60_1
  - gxx_linux-64=7.3.0=h553295d_3
  - h5py=2.9.0=nompi_py36hf008753_1102
  - hdf5=1.10.4=nompi_h11e915b_1105
  - html5lib=0.9999999=py36_0
  - idna=2.8=py36_1000
  - intel-openmp=2019.1=144
  - keras=2.1.6=py36_0
  - keras-applications=1.0.7=py_0
  - keras-preprocessing=1.0.9=py_0
  - libedit=3.1.20170329=h6b74fdf_2
  - libffi=3.2.1=hd88cf55_4
  - libgcc-ng=8.2.0=hdf63c60_1
  - libgfortran-ng=7.2.0=hdf63c60_3
  - libgpuarray=0.7.6=h14c3975_1003
  - libprotobuf=3.7.0=hdbcaa40_0
  - libstdcxx-ng=8.2.0=hdf63c60_1
  - mako=1.0.7=py_1
  - markdown=2.6.11=py_0
  - markupsafe=1.1.1=py36h14c3975_0
  - mkl=2019.1=144
  - mkl_fft=1.0.10=py36h14c3975_1
  - mkl_random=1.0.2=py36h637b7d7_2
  - ncurses=6.1=he6710b0_1
  - numpy=1.16.2=py36h7e9f1db_0
  - numpy-base=1.16.2=py36hde5b4d6_0
  - openssl=1.1.1b=h14c3975_0
  - pip=19.0.3=py36_0
  - protobuf=3.7.0=py36hf484d3e_0
  - pycosat=0.6.3=py36h14c3975_1001
  - pycparser=2.19=py_0
  - pygpu=0.7.6=py36h3010b51_1000
  - pyopenssl=19.0.0=py36_0
  - pysocks=1.6.8=py36_1002
  - python=3.6.8=h0371630_0
  - pyyaml=3.13=py36h14c3975_1001
  - readline=7.0=h7b6447c_5
  - requests=2.21.0=py36_1000
  - ruamel_yaml=0.15.71=py36h14c3975_1000
  - scipy=1.2.1=py36h7c811a0_0
  - setuptools=40.8.0=py36_0
  - six=1.12.0=py36_1000
  - sqlite=3.26.0=h7b6447c_0
  - tensorboard=1.12.0=py36_1000
  - tensorflow=1.12.0=mkl_py36h69b6ba0_0
  - tensorflow-base=1.12.0=mkl_py36h3c3e929_0
  - termcolor=1.1.0=py_2
  - theano=1.0.4=py36hf484d3e_1000
  - tk=8.6.8=hbc83047_0
  - urllib3=1.24.1=py36_1000
  - webencodings=0.5.1=py_1
  - werkzeug=0.14.1=py_0
  - wheel=0.33.1=py36_0
  - xz=5.2.4=h14c3975_4
  - yaml=0.1.7=had09818_2
  - zlib=1.2.11=h7b6447c_3


